0 0 0.228024
0 1 0.456048
0 2 0.684108
0 3 0.912310
0 4 1.140866
0 5 1.370133
0 6 1.600646
0 7 1.833159
0 8 2.068691
0 9 2.308576
0 10 2.554521
0 11 2.808690
0 12 3.073803
0 13 3.353273
0 14 3.651396
0 15 3.973621
0 16 4.326929
0 17 4.720398
0 18 5.166053
0 19 5.680178
0 20 6.285422
0 21 7.014299
0 22 7.915300
0 23 9.064154
0 24 10.586046
0 25 12.703008
0 26 15.844883
0 27 20.937294
0 28 30.234795
0 29 50.001111
0 30 100.002778
1 0 0.456048
1 1 0.912061
1 2 1.368074
1 3 1.824265
1 4 2.281022
1 5 2.739020
1 6 3.199290
1 7 3.663299
1 8 4.133031
1 9 4.611090
1 10 5.100818
1 11 5.606437
1 12 6.133249
1 13 6.687891
1 14 7.278691
1 15 7.916160
1 16 8.613696
1 17 9.388610
1 18 10.263635
1 19 11.269237
1 20 12.447211
1 21 13.856476
1 22 15.582745
1 23 17.755272
1 24 20.577020
1 25 24.381104
1 26 29.739230
1 27 37.669498
1 28 50.000775
1 29 69.766872
1 30 100.001447
2 0 0.684108
2 1 1.368074
2 2 2.051864
2 3 2.735653
2 4 3.419937
2 5 4.105635
2 6 4.794197
2 7 5.487714
2 8 6.189042
2 9 6.901938
2 10 7.631223
2 11 8.382990
2 12 9.164864
2 13 9.986353
2 14 10.859318
2 15 11.798631
2 16 12.823087
2 17 13.956709
2 18 15.230640
2 19 16.685925
2 20 18.377709
2 21 20.381648
2 22 22.803933
2 23 25.797167
2 24 29.585660
2 25 34.505158
2 26 41.061434
2 27 50.000693
2 28 62.331936
2 29 79.064153
2 30 100.001344
3 0 0.912310
3 1 1.824265
3 2 2.735653
3 3 3.646545
3 4 4.557438
3 5 5.469387
3 6 6.384149
3 7 7.304319
3 8 8.233486
3 9 9.176395
3 10 10.139146
3 11 11.129436
3 12 12.156865
3 13 13.233337
3 14 14.373597
3 15 15.595959
3 16 16.923312
3 17 18.384501
3 18 20.016289
3 19 21.866115
3 20 23.996052
3 21 26.488473
3 22 29.454172
3 23 33.043802
3 24 37.463295
3 25 42.992435
3 26 50.000655
3 27 58.939902
3 28 70.262124
3 29 84.156461
3 30 100.001287
4 0 1.140866
4 1 2.281022
4 2 3.419937
4 3 4.557438
4 4 5.693882
4 5 6.830326
4 6 7.968692
4 7 9.111929
4 8 10.264188
4 9 11.431010
4 10 12.619530
4 11 13.838744
4 12 15.099824
4 13 16.416533
4 14 17.805772
4 15 19.288298
4 16 20.889699
4 17 22.641695
4 18 24.583899
4 19 26.766194
4 20 29.251911
4 21 32.122021
4 22 35.480480
4 23 39.460576
4 24 44.231281
4 25 50.000634
4 26 57.008848
4 27 65.496138
4 28 75.620196
4 29 87.298279
4 30 100.001252
5 0 1.370133
5 1 2.739020
5 2 4.105635
5 3 5.469387
5 4 6.830326
5 5 8.189344
5 6 9.548363
5 7 10.910514
5 8 12.280330
5 9 13.663925
5 10 15.069220
5 11 16.506186
5 12 17.987152
5 13 19.527200
5 14 21.144659
5 15 22.861763
5 16 24.705493
5 17 26.708680
5 18 28.911419
5 19 31.362852
5 20 34.123377
5 21 37.267219
5 22 40.885153
5 23 45.086740
5 24 50.000620
5 25 55.769970
5 26 62.537966
5 27 70.415606
5 28 79.424244
5 29 89.415207
5 30 100.001229
6 0 1.600646
6 1 3.199290
6 2 4.794197
6 3 6.384149
6 4 7.968692
6 5 9.548363
6 6 11.124900
6 7 12.701437
6 8 14.282690
6 9 15.875141
6 10 17.487240
6 11 19.129627
6 12 20.815400
6 13 22.560455
6 14 24.383902
6 15 26.308601
6 16 28.361828
6 17 30.576115
6 18 32.990243
6 19 35.650418
6 20 38.611526
6 21 41.938324
6 22 45.706173
6 23 50.000610
6 24 54.914489
6 25 60.540660
6 26 66.957439
6 27 74.204076
6 28 82.245968
6 29 90.937075
6 30 100.001212
7 0 1.833159
7 1 3.663299
7 2 5.487714
7 3 7.304319
7 4 9.111929
7 5 10.910514
7 6 12.701437
7 7 14.487645
7 8 16.273852
7 9 18.066710
7 10 19.874973
7 11 21.709680
7 12 23.584366
7 13 25.515319
7 14 27.521895
7 15 29.626909
7 16 31.857105
7 17 34.243707
7 18 36.823021
7 19 39.637050
7 20 42.733986
7 21 46.168378
7 22 50.000604
7 23 54.295040
7 24 59.116065
7 25 64.520742
7 26 70.547053
7 27 77.197292
7 28 84.418476
7 29 92.085912
7 30 100.001199
8 0 2.068691
8 1 4.133031
8 2 6.189042
8 3 8.233486
8 4 10.264188
8 5 12.280330
8 6 14.282690
8 7 16.273852
8 8 18.258363
8 9 20.242874
8 10 22.236262
8 11 24.249755
8 12 26.297066
8 13 28.394559
8 14 30.561448
8 15 32.820034
8 16 35.195977
8 17 37.718587
8 18 40.421085
8 19 43.340776
8 20 46.518989
8 21 50.000599
8 22 53.832823
8 23 58.062882
8 24 62.733990
8 25 67.879191
8 26 73.512739
8 27 79.619563
8 28 86.144731
8 29 92.986900
8 30 100.001189
9 0 2.308576
9 1 4.611090
9 2 6.901938
9 3 9.176395
9 4 11.431010
9 5 13.663925
9 6 15.875141
9 7 18.066710
9 8 20.242874
9 9 22.410160
9 10 24.577447
9 11 26.756011
9 12 28.959582
9 13 31.204403
9 14 33.509306
9 15 35.895803
9 16 38.388183
9 17 41.013577
9 18 43.801955
9 19 46.785979
9 20 50.000595
9 21 53.482204
9 22 57.267210
9 23 61.389673
9 24 65.877824
9 25 70.749291
9 26 76.005149
9 27 81.623491
9 28 87.553984
9 29 93.715767
9 30 100.001181
10 0 2.554521
10 1 5.100818
10 2 7.631223
10 3 10.139146
10 4 12.619530
10 5 15.069220
10 6 17.487240
10 7 19.874973
10 8 22.236262
10 9 24.577447
10 10 26.907353
10 11 29.237260
10 12 31.580850
10 13 33.954166
10 14 36.375568
10 15 38.865689
10 16 41.447376
10 17 44.145584
10 18 46.987180
10 19 50.000592
10 20 53.215207
10 21 56.660413
10 22 60.364141
10 23 64.350775
10 24 68.638342
10 25 73.234999
10 26 78.135078
10 27 83.315265
10 28 88.731949
10 29 94.321003
10 30 100.001174
11 0 2.808690
11 1 5.606437
11 2 8.382990
11 3 11.129436
11 4 13.838744
11 5 16.506186
11 6 19.129627
11 7 21.709680
11 8 24.249755
11 9 26.756011
11 10 29.237260
11 11 31.704826
11 12 34.172391
11 13 36.655843
11 14 39.173111
11 15 41.744008
11 16 44.390047
11 17 47.134202
11 18 50.000590
11 19 53.014001
11 20 56.199228
11 21 59.580100
11 22 63.178165
11 23 67.010944
11 24 71.089768
11 25 75.417287
11 26 79.984896
11 27 84.770543
11 28 89.737544
11 29 94.835122
11 30 100.001169
12 0 3.073803
12 1 6.133249
12 2 9.164864
12 3 12.156865
12 4 15.099824
12 5 17.987152
12 6 20.815400
12 7 23.584366
12 8 26.297066
12 9 28.959582
12 10 31.580850
12 11 34.172391
12 12 36.748047
12 13 39.323703
12 14 41.917024
12 15 44.547187
12 16 47.234602
12 17 50.000588
12 18 52.866975
12 19 55.855595
12 20 58.987603
12 21 62.282594
12 22 65.757475
12 23 69.425067
12 24 73.292501
12 25 77.359486
12 26 81.616678
12 27 86.044467
12 28 90.612563
12 29 95.280771
12 30 100.001164
13 0 3.353273
13 1 6.687891
13 2 9.986353
13 3 13.233337
13 4 16.416533
13 5 19.527200
13 6 22.560455
13 7 25.515319
13 8 28.394559
13 9 31.204403
13 10 33.954166
13 11 36.655843
13 12 39.323703
13 13 41.973899
13 14 44.624094
13 15 47.293114
13 16 50.000587
13 17 52.766573
13 18 55.611129
13 19 58.553801
13 20 61.612994
13 21 64.805200
13 22 68.144072
13 23 71.639349
13 24 75.295684
13 25 79.111476
13 26 83.077862
13 27 87.178084
13 28 91.387471
13 29 95.674235
13 30 100.001159
14 0 3.651396
14 1 7.278691
14 2 10.859318
14 3 14.373597
14 4 17.805772
14 5 21.144659
14 6 24.383902
14 7 27.521895
14 8 30.561448
14 9 33.509306
14 10 36.375568
14 11 39.173111
14 12 41.917024
14 13 44.624094
14 14 47.312341
14 15 50.000587
14 16 52.708060
14 17 55.453987
14 18 58.257166
14 19 61.135486
14 20 64.105371
14 21 67.181140
14 22 70.374265
14 23 73.692573
14 24 77.139409
14 25 80.712872
14 26 84.405209
14 27 88.202535
14 28 92.085003
14 29 96.027538
14 30 100.001155
15 0 3.973621
15 1 7.916160
15 2 11.798631
15 3 15.595959
15 4 19.288298
15 5 22.861763
15 6 26.308601
15 7 29.626909
15 8 32.820034
15 9 35.895803
15 10 38.865689
15 11 41.744008
15 12 44.547187
15 13 47.293114
15 14 50.000587
15 15 52.688833
15 16 55.377079
15 17 58.084149
15 18 60.828062
15 19 63.625605
15 20 66.491866
15 21 69.439723
15 22 72.479276
15 23 75.617267
15 24 78.856509
15 25 82.195395
15 26 85.627568
15 27 89.141844
15 28 92.722467
15 29 96.349759
15 30 100.001152
16 0 4.326929
16 1 8.613696
16 2 12.823087
16 3 16.923312
16 4 20.889699
16 5 24.705493
16 6 28.361828
16 7 31.857105
16 8 35.195977
16 9 38.388183
16 10 41.447376
16 11 44.390047
16 12 47.234602
16 13 50.000587
16 14 52.708060
16 15 55.377079
16 16 58.027274
16 17 60.677469
16 18 63.345328
16 19 66.047004
16 20 68.796766
16 21 71.606610
16 22 74.485849
16 23 77.440711
16 24 80.473964
16 25 83.584630
16 26 86.767824
16 27 90.014805
16 28 93.313264
16 29 96.647879
16 30 100.001148
17 0 4.720398
17 1 9.388610
17 2 13.956709
17 3 18.384501
17 4 22.641695
17 5 26.708680
17 6 30.576115
17 7 34.243707
17 8 37.718587
17 9 41.013577
17 10 44.145584
17 11 47.134202
17 12 50.000588
17 13 52.766573
17 14 55.453987
17 15 58.084149
17 16 60.677469
17 17 63.253123
17 18 65.828778
17 19 68.420318
17 20 71.041585
17 21 73.704100
17 22 76.416798
17 23 79.185763
17 24 82.014009
17 25 84.901335
17 26 87.844292
17 27 90.836290
17 28 93.867903
17 29 96.927346
17 30 100.001145
18 0 5.166053
18 1 10.263635
18 2 15.230640
18 3 20.016289
18 4 24.583899
18 5 28.911419
18 6 32.990243
18 7 36.823021
18 8 40.421085
18 9 43.801955
18 10 46.987180
18 11 50.000590
18 12 52.866975
18 13 55.611129
18 14 58.257166
18 15 60.828062
18 16 63.345328
18 17 65.828778
18 18 68.296342
18 19 70.763907
18 20 73.245154
18 21 75.751409
18 22 78.291482
18 23 80.871533
18 24 83.494972
18 25 86.162412
18 26 88.871717
18 27 91.618161
18 28 94.394712
18 29 97.192455
18 30 100.001142
19 0 5.680178
19 1 11.269237
19 2 16.685925
19 3 21.866115
19 4 26.766194
19 5 31.362852
19 6 35.650418
19 7 39.637050
19 8 43.340776
19 9 46.785979
19 10 50.000592
19 11 53.014001
19 12 55.855595
19 13 58.553801
19 14 61.135486
19 15 63.625605
19 16 66.047004
19 17 68.420318
19 18 70.763907
19 19 73.093811
19 20 75.423716
19 21 77.764899
19 22 80.126186
19 23 82.513917
19 24 84.931935
19 25 87.381623
19 26 89.862005
19 27 92.369925
19 28 94.900328
19 29 97.446622
19 30 100.001140
20 0 6.285422
20 1 12.447211
20 2 18.377709
20 3 23.996052
20 4 29.251911
20 5 34.123377
20 6 38.611526
20 7 42.733986
20 8 46.518989
20 9 50.000595
20 10 53.215207
20 11 56.199228
20 12 58.987603
20 13 61.612994
20 14 64.105371
20 15 66.491866
20 16 68.796766
20 17 71.041585
20 18 73.245154
20 19 75.423716
20 20 77.591001
20 21 79.758285
20 22 81.934447
20 23 84.126013
20 24 86.337227
20 25 88.570140
20 26 90.824753
20 27 93.099208
20 28 95.390052
20 29 97.692564
20 30 100.001137
21 0 7.014299
21 1 13.856476
21 2 20.381648
21 3 26.488473
21 4 32.122021
21 5 37.267219
21 6 41.938324
21 7 46.168378
21 8 50.000599
21 9 53.482204
21 10 56.660413
21 11 59.580100
21 12 62.282594
21 13 64.805200
21 14 67.181140
21 15 69.439723
21 16 71.606610
21 17 73.704100
21 18 75.751409
21 19 77.764899
21 20 79.758285
21 21 81.742794
21 22 83.727302
21 23 85.718462
21 24 87.720820
21 25 89.736959
21 26 91.767659
21 27 93.812100
21 28 95.868109
21 29 97.932446
21 30 100.001134
22 0 7.915300
22 1 15.582745
22 2 22.803933
22 3 29.454172
22 4 35.480480
22 5 40.885153
22 6 45.706173
22 7 50.000604
22 8 53.832823
22 9 57.267210
22 10 60.364141
22 11 63.178165
22 12 65.757475
22 13 68.144072
22 14 70.374265
22 15 72.479276
22 16 74.485849
22 17 76.416798
22 18 78.291482
22 19 80.126186
22 20 81.934447
22 21 83.727302
22 22 85.513507
22 23 87.299712
22 24 89.090633
22 25 90.889216
22 26 92.696823
22 27 94.513425
22 28 96.337838
22 29 98.167975
22 30 100.001131
23 0 9.064154
23 1 17.755272
23 2 25.797167
23 3 33.043802
23 4 39.460576
23 5 45.086740
23 6 50.000610
23 7 54.295040
23 8 58.062882
23 9 61.389673
23 10 64.350775
23 11 67.010944
23 12 69.425067
23 13 71.639349
23 14 73.692573
23 15 75.617267
23 16 77.440711
23 17 79.185763
23 18 80.871533
23 19 82.513917
23 20 84.126013
23 21 85.718462
23 22 87.299712
23 23 88.876247
23 24 90.452782
23 25 92.032450
23 26 93.616991
23 27 95.206940
23 28 96.801844
23 29 98.400486
23 30 100.001129
24 0 10.586046
24 1 20.577020
24 2 29.585660
24 3 37.463295
24 4 44.231281
24 5 50.000620
24 6 54.914489
24 7 59.116065
24 8 62.733990
24 9 65.877824
24 10 68.638342
24 11 71.089768
24 12 73.292501
24 13 75.295684
24 14 77.139409
24 15 78.856509
24 16 80.473964
24 17 82.014009
24 18 83.494972
24 19 84.931935
24 20 86.337227
24 21 87.720820
24 22 89.090633
24 23 90.452782
24 24 91.811798
24 25 93.170813
24 26 94.531750
24 27 95.895499
24 28 97.262111
24 29 98.630996
24 30 100.001126
25 0 12.703008
25 1 24.381104
25 2 34.505158
25 3 42.992435
25 4 50.000634
25 5 55.769970
25 6 60.540660
25 7 64.520742
25 8 67.879191
25 9 70.749291
25 10 73.234999
25 11 75.417287
25 12 77.359486
25 13 79.111476
25 14 80.712872
25 15 82.195395
25 16 83.584630
25 17 84.901335
25 18 86.162412
25 19 87.381623
25 20 88.570140
25 21 89.736959
25 22 90.889216
25 23 92.032450
25 24 93.170813
25 25 94.307255
25 26 95.443696
25 27 96.581195
25 28 97.720107
25 29 98.860260
25 30 100.001124
26 0 15.844883
26 1 29.739230
26 2 41.061434
26 3 50.000655
26 4 57.008848
26 5 62.537966
26 6 66.957439
26 7 70.547053
26 8 73.512739
26 9 76.005149
26 10 78.135078
26 11 79.984896
26 12 81.616678
26 13 83.077862
26 14 84.405209
26 15 85.627568
26 16 86.767824
26 17 87.844292
26 18 88.871717
26 19 89.862005
26 20 90.824753
26 21 91.767659
26 22 92.696823
26 23 93.616991
26 24 94.531750
26 25 95.443696
26 26 96.354586
26 27 97.265476
26 28 98.176862
26 29 99.088814
26 30 100.001121
27 0 20.937294
27 1 37.669498
27 2 50.000693
27 3 58.939902
27 4 65.496138
27 5 70.415606
27 6 74.204076
27 7 77.197292
27 8 79.619563
27 9 81.623491
27 10 83.315265
27 11 84.770543
27 12 86.044467
27 13 87.178084
27 14 88.202535
27 15 89.141844
27 16 90.014805
27 17 90.836290
27 18 91.618161
27 19 92.369925
27 20 93.099208
27 21 93.812100
27 22 94.513425
27 23 95.206940
27 24 95.895499
27 25 96.581195
27 26 97.265476
27 27 97.949263
27 28 98.633049
27 29 99.317013
27 30 100.001119
28 0 30.234795
28 1 50.000775
28 2 62.331936
28 3 70.262124
28 4 75.620196
28 5 79.424244
28 6 82.245968
28 7 84.418476
28 8 86.144731
28 9 87.553984
28 10 88.731949
28 11 89.737544
28 12 90.612563
28 13 91.387471
28 14 92.085003
28 15 92.722467
28 16 93.313264
28 17 93.867903
28 18 94.394712
28 19 94.900328
28 20 95.390052
28 21 95.868109
28 22 96.337838
28 23 96.801844
28 24 97.262111
28 25 97.720107
28 26 98.176862
28 27 98.633049
28 28 99.089060
28 29 99.545070
28 30 100.001116
29 0 50.001111
29 1 69.766872
29 2 79.064153
29 3 84.156461
29 4 87.298279
29 5 89.415207
29 6 90.937075
29 7 92.085912
29 8 92.986900
29 9 93.715767
29 10 94.321003
29 11 94.835122
29 12 95.280771
29 13 95.674235
29 14 96.027538
29 15 96.349759
29 16 96.647879
29 17 96.927346
29 18 97.192455
29 19 97.446622
29 20 97.692564
29 21 97.932446
29 22 98.167975
29 23 98.400486
29 24 98.630996
29 25 98.860260
29 26 99.088814
29 27 99.317013
29 28 99.545070
29 29 99.773092
29 30 100.001114
30 0 100.002778
30 1 100.001447
30 2 100.001344
30 3 100.001287
30 4 100.001252
30 5 100.001229
30 6 100.001212
30 7 100.001199
30 8 100.001189
30 9 100.001181
30 10 100.001174
30 11 100.001169
30 12 100.001164
30 13 100.001159
30 14 100.001155
30 15 100.001152
30 16 100.001148
30 17 100.001145
30 18 100.001142
30 19 100.001140
30 20 100.001137
30 21 100.001134
30 22 100.001131
30 23 100.001129
30 24 100.001126
30 25 100.001124
30 26 100.001121
30 27 100.001119
30 28 100.001116
30 29 100.001114
30 30 100.001111


